0 1 0 0 47.5499
0 1 0 1 14.8544
0 2 0 0 84.6543
0 2 0 1 20.0695
0 3 0 0 109.3786
0 3 0 1 74.5172
0 4 0 0 135.6799
0 4 0 1 88.6035
0 16 0 0 12.9507
0 16 0 1 71.3382
0 18 0 0 113.3458
0 18 0 1 57.3766
0 20 0 0 163.1110
0 20 0 1 121.6831
0 32 0 0 21.5562
0 32 0 1 79.7324
0 34 0 0 127.7318
0 34 0 1 85.0980
0 35 0 0 168.3641
0 35 0 1 105.9043
0 36 0 0 184.3419
0 36 0 1 146.2327
0 48 0 0 66.8693
0 48 0 1 112.5402
0 50 0 0 139.0574
0 50 0 1 112.4632
0 52 0 0 221.4457
0 52 0 1 171.1135
0 64 0 0 87.3591
0 64 0 1 123.6667
0 65 0 0 112.1267
0 65 0 1 139.4655
0 66 0 0 118.2203
0 66 0 1 121.8399
0 67 0 0 154.2745
0 67 0 1 155.4894
0 68 0 0 172.2962
0 68 0 1 174.0665
1 0 0 1 69.2401
1 0 0 3 30.3262
1 2 0 1 34.5883
1 2 0 3 50.9469
1 3 0 1 22.1320
1 3 0 3 73.7167
1 4 0 1 69.6838
1 4 0 3 115.7442
1 16 0 1 82.5269
1 16 0 3 7.7031
1 18 0 1 9.8498
1 18 0 3 81.9074
1 20 0 1 87.0983
1 20 0 3 139.9582
1 32 0 1 121.4826
1 32 0 3 73.6621
1 34 0 1 68.3652
1 34 0 3 115.0178
1 35 0 1 78.6412
1 35 0 3 144.3623
1 36 0 1 115.6674
1 36 0 3 175.9717
1 48 0 1 129.9308
1 48 0 3 86.6300
1 50 0 1 78.6367
1 50 0 3 121.1525
1 52 0 1 149.2233
1 52 0 3 194.3630
1 64 0 1 151.3001
1 64 0 3 110.3340
1 65 0 1 125.7265
1 65 0 3 125.9348
1 66 0 1 122.6768
1 66 0 3 139.2277
1 67 0 1 129.3024
1 67 0 3 154.5475
1 68 0 1 168.9936
1 68 0 3 221.9664
2 0 0 0 82.9672
2 0 0 1 66.4624
2 0 0 3 7.0946
2 1 0 0 73.6453
2 1 0 1 49.3919
2 1 0 3 20.1480
2 3 0 0 68.3337
2 3 0 1 14.5451
2 3 0 3 64.4260
2 4 0 0 74.5016
2 4 0 1 16.7113
2 4 0 3 74.2463
2 16 0 0 120.1978
2 16 0 1 105.6823
2 16 0 3 69.8150
2 18 0 0 20.6052
2 18 0 1 54.8689
2 18 0 3 61.4011
2 20 0 0 103.9394
2 20 0 1 67.3279
2 20 0 3 127.4336
2 32 0 0 129.6594
2 32 0 1 143.4257
2 32 0 3 89.7225
2 34 0 0 16.0481
2 34 0 1 62.5507
2 34 0 3 86.8735
2 35 0 0 65.4553
2 35 0 1 94.6347
2 35 0 3 103.9977
2 36 0 0 80.1965
2 36 0 1 90.3560
2 36 0 3 138.2082
2 48 0 0 147.2672
2 48 0 1 174.2811
2 48 0 3 112.7348
2 50 0 0 69.7791
2 50 0 1 98.6741
2 50 0 3 109.4936
2 52 0 0 123.1006
2 52 0 1 125.2514
2 52 0 3 172.2156
2 64 0 0 129.5301
2 64 0 1 161.7359
2 64 0 3 128.1109
2 65 0 0 110.5133
2 65 0 1 147.6458
2 65 0 3 141.0340
2 66 0 0 86.3500
2 66 0 1 111.1602
2 66 0 3 126.3921
2 67 0 0 112.9022
2 67 0 1 151.1931
2 67 0 3 182.8343
2 68 0 0 127.1310
2 68 0 1 133.1213
2 68 0 3 183.6793
3 0 0 1 104.9031
3 0 0 3 63.3782
3 1 0 1 67.9966
3 1 0 3 3.2519
3 2 0 1 58.0919
3 2 0 3 20.4062
3 4 0 1 10.1120
3 4 0 3 66.7020
3 16 0 1 136.1267
3 16 0 3 88.9886
3 18 0 1 62.2969
3 18 0 3 5.6888
3 20 0 1 16.7224
3 20 0 3 78.2551
3 32 0 1 170.7189
3 32 0 3 121.1934
3 34 0 1 86.7099
3 34 0 3 70.0426
3 35 0 1 68.1637
3 35 0 3 90.3991
3 36 0 1 76.0018
3 36 0 3 119.9026
3 48 0 1 190.6203
3 48 0 3 134.0923
3 50 0 1 85.2516
3 50 0 3 83.2538
3 52 0 1 85.1420
3 52 0 3 142.0983
3 64 0 1 182.5531
3 64 0 3 155.4791
3 65 0 1 143.2542
3 65 0 3 132.7704
3 66 0 1 150.4915
3 66 0 3 117.4027
3 67 0 1 124.0544
3 67 0 3 124.2316
3 68 0 1 120.8164
3 68 0 3 165.6956
4 0 0 0 119.2606
4 0 0 3 78.6188
4 1 0 0 86.7010
4 1 0 3 56.1253
4 2 0 0 67.9952
4 2 0 3 5.9487
4 3 0 0 56.5104
4 3 0 3 6.1375
4 16 0 0 156.6825
4 16 0 3 106.6967
4 18 0 0 77.2743
4 18 0 3 58.1943
4 20 0 0 16.7078
4 20 0 3 65.5756
4 32 0 0 192.6958
4 32 0 3 133.5383
4 34 0 0 65.8273
4 34 0 3 62.4229
4 35 0 0 60.2597
4 35 0 3 98.0602
4 36 0 0 12.8534
4 36 0 3 79.5231
4 48 0 0 200.5073
4 48 0 3 168.6147
4 50 0 0 85.7843
4 50 0 3 88.3188
4 52 0 0 59.8140
4 52 0 3 118.8963
4 64 0 0 157.1856
4 64 0 3 161.2043
4 65 0 0 146.8328
4 65 0 3 154.9910
4 66 0 0 113.0926
4 66 0 3 112.7346
4 67 0 0 107.7967
4 67 0 3 156.2327
4 68 0 0 79.5443
4 68 0 3 130.7195
16 0 0 0 55.3946
16 0 0 2 26.8797
16 1 0 0 90.8646
16 1 0 2 3.1231
16 2 0 0 116.2557
16 2 0 2 65.2042
16 3 0 0 126.6323
16 3 0 2 83.4807
16 4 0 0 167.4427
16 4 0 2 112.7687
16 18 0 0 124.0212
16 18 0 2 75.5214
16 20 0 0 177.4089
16 20 0 2 149.2730
16 32 0 0 19.0493
16 32 0 2 75.4719
16 34 0 0 143.4678
16 34 0 2 111.4678
16 35 0 0 166.8160
16 35 0 2 131.8832
16 36 0 0 223.1156
16 36 0 2 185.6892
16 48 0 0 2.1647
16 48 0 2 82.1699
16 50 0 0 119.3341
16 50 0 2 116.8968
16 52 0 0 184.2535
16 52 0 2 188.7976
16 64 0 0 67.1523
16 64 0 2 106.2461
16 65 0 0 79.5802
16 65 0 2 120.0677
16 66 0 0 108.1544
16 66 0 2 139.7612
16 67 0 0 146.9787
16 67 0 2 165.8632
16 68 0 0 182.1751
16 68 0 2 204.7004
18 0 0 0 128.6350
18 0 0 2 65.7838
18 1 0 0 87.3271
18 1 0 2 5.0098
18 2 0 0 80.1762
18 2 0 2 16.5914
18 3 0 0 82.7693
18 3 0 2 12.2933
18 4 0 0 100.9849
18 4 0 2 64.6547
18 16 0 0 138.2877
18 16 0 2 78.9670
18 20 0 0 84.3334
18 20 0 2 74.0844
18 32 0 0 160.7269
18 32 0 2 125.1586
18 34 0 0 25.2978
18 34 0 2 72.8121
18 35 0 0 9.4552
18 35 0 2 90.8017
18 36 0 0 67.5100
18 36 0 2 120.3788
18 48 0 0 138.9822
18 48 0 2 126.8562
18 50 0 0 2.2398
18 50 0 2 87.0252
18 52 0 0 83.1412
18 52 0 2 137.1962
18 64 0 0 118.7808
18 64 0 2 149.6730
18 65 0 0 82.0246
18 65 0 2 131.4570
18 66 0 0 68.3190
18 66 0 2 121.4924
18 67 0 0 80.1631
18 67 0 2 140.0106
18 68 0 0 100.6488
18 68 0 2 167.5257
20 0 0 0 169.1521
20 0 0 2 119.5600
20 1 0 0 115.9654
20 1 0 2 74.3286
20 2 0 0 82.9724
20 2 0 2 56.7076
20 3 0 0 75.0405
20 3 0 2 -1.4447
20 4 0 0 66.5858
20 4 0 2 31.0618
20 16 0 0 177.8052
20 16 0 2 131.1708
20 18 0 0 69.4533
20 18 0 2 63.0139
20 32 0 0 212.6796
20 32 0 2 173.3240
20 34 0 0 60.7207
20 34 0 2 84.4936
20 35 0 0 7.8074
20 35 0 2 70.2453
20 36 0 0 27.8939
20 36 0 2 65.8691
20 48 0 0 186.0133
20 48 0 2 190.6776
20 50 0 0 70.0248
20 50 0 2 82.3511
20 52 0 0 15.2692
20 52 0 2 79.4233
20 64 0 0 159.0868
20 64 0 2 184.3039
20 65 0 0 114.8519
20 65 0 2 145.8271
20 66 0 0 107.5099
20 66 0 2 140.3050
20 67 0 0 75.1791
20 67 0 2 124.9926
20 68 0 0 69.7246
20 68 0 2 113.7065
32 0 0 0 86.2291
32 0 0 2 18.1970
32 1 0 0 103.7096
32 1 0 2 62.9591
32 2 0 0 125.0485
32 2 0 2 90.8730
32 3 0 0 147.8302
32 3 0 2 126.2683
32 4 0 0 163.2170
32 4 0 2 142.5523
32 16 0 0 64.6937
32 16 0 2 11.9735
32 18 0 0 138.7975
32 18 0 2 111.1483
32 20 0 0 222.8226
32 20 0 2 173.7129
32 34 0 0 131.6490
32 34 0 2 128.5884
32 35 0 0 157.6568
32 35 0 2 149.0761
32 36 0 0 189.8136
32 36 0 2 179.3005
32 48 0 0 16.8055
32 48 0 2 75.0063
32 50 0 0 106.5742
32 50 0 2 139.4521
32 52 0 0 182.5395
32 52 0 2 220.5467
32 64 0 0 10.6014
32 64 0 2 84.4522
32 65 0 0 66.2835
32 65 0 2 104.2680
32 66 0 0 91.6144
32 66 0 2 121.4508
32 67 0 0 123.9359
32 67 0 2 171.1325
32 68 0 0 148.3258
32 68 0 2 185.2063
34 0 0 0 127.5553
34 0 0 1 112.7876
34 0 0 2 99.3646
34 1 0 0 121.5599
34 1 0 1 100.3785
34 1 0 2 69.9957
34 2 0 0 89.8720
34 2 0 1 68.8243
34 2 0 2 11.3470
34 3 0 0 122.2832
34 3 0 1 87.6444
34 3 0 2 66.6907
34 4 0 0 127.3175
34 4 0 1 73.4791
34 4 0 2 77.6692
34 16 0 0 155.3975
34 16 0 1 179.8397
34 16 0 2 125.8233
34 18 0 0 55.0691
34 18 0 1 58.2199
34 18 0 2 20.5433
34 20 0 0 116.3150
34 20 0 1 57.7404
34 20 0 2 99.5686
34 32 0 0 127.9185
34 32 0 1 182.3121
34 32 0 2 131.0658
34 35 0 0 60.0102
34 35 0 1 11.1077
34 35 0 2 70.6797
34 36 0 0 89.9969
34 36 0 1 18.9449
34 36 0 2 81.9012
34 48 0 0 122.9921
34 48 0 1 163.7840
34 48 0 2 148.6687
34 50 0 0 29.1722
34 50 0 1 66.1100
34 50 0 2 63.6035
34 52 0 0 92.5026
34 52 0 1 66.7544
34 52 0 2 116.9552
34 64 0 0 74.2995
34 64 0 1 123.3943
34 64 0 2 121.1159
34 65 0 0 71.9548
34 65 0 1 98.2966
34 65 0 2 110.9648
34 66 0 0 8.8812
34 66 0 1 67.2251
34 66 0 2 78.9947
34 67 0 0 62.8708
34 67 0 1 89.0368
34 67 0 2 114.0615
34 68 0 0 74.6453
34 68 0 1 74.7757
34 68 0 2 127.4257
35 0 0 1 166.1279
35 0 0 3 117.1621
35 1 0 1 109.5021
35 1 0 3 87.7015
35 2 0 1 79.6371
35 2 0 3 78.7207
35 3 0 1 76.4572
35 3 0 3 88.4822
35 4 0 1 61.5159
35 4 0 3 105.6288
35 16 0 1 184.2234
35 16 0 3 129.7684
35 18 0 1 64.5336
35 18 0 3 13.5856
35 20 0 1 14.3517
35 20 0 3 80.9618
35 32 0 1 211.2614
35 32 0 3 164.5171
35 34 0 1 69.1297
35 34 0 3 15.7751
35 36 0 1 34.7525
35 36 0 3 63.8781
35 48 0 1 186.9040
35 48 0 3 134.7253
35 50 0 1 67.3562
35 50 0 3 -5.7641
35 52 0 1 18.9805
35 52 0 3 91.4192
35 64 0 1 157.1391
35 64 0 3 103.2167
35 65 0 1 119.3737
35 65 0 3 77.7978
35 66 0 1 101.2608
35 66 0 3 74.7750
35 67 0 1 72.3311
35 67 0 3 82.7743
35 68 0 1 71.3590
35 68 0 3 99.7436
36 0 0 0 170.6551
36 0 0 2 134.7242
36 0 0 3 135.6171
36 1 0 0 134.3779
36 1 0 2 115.8942
36 1 0 3 93.0944
36 2 0 0 98.3345
36 2 0 2 66.0449
36 2 0 3 70.6902
36 3 0 0 99.6844
36 3 0 2 58.8897
36 3 0 3 90.4554
36 4 0 0 79.5419
36 4 0 2 21.0834
36 4 0 3 69.5181
36 16 0 0 217.6332
36 16 0 2 166.8369
36 16 0 3 179.6213
36 18 0 0 84.3557
36 18 0 2 76.5633
36 18 0 3 59.5706
36 20 0 0 63.5984
36 20 0 2 20.4191
36 20 0 3 58.2633
36 32 0 0 187.9518
36 32 0 2 187.0566
36 32 0 3 183.3831
36 34 0 0 67.4439
36 34 0 2 62.4574
36 34 0 3 3.8796
36 35 0 0 57.2787
36 35 0 2 59.0211
36 35 0 3 20.2591
36 48 0 0 165.8985
36 48 0 2 194.8291
36 48 0 3 182.9032
36 50 0 0 87.3326
36 50 0 2 88.8382
36 50 0 3 66.5393
36 52 0 0 15.8418
36 52 0 2 71.0441
36 52 0 3 61.8714
36 64 0 0 127.2082
36 64 0 2 167.0813
36 64 0 3 133.7507
36 65 0 0 104.8450
36 65 0 2 151.5470
36 65 0 3 108.9298
36 66 0 0 73.9688
36 66 0 2 122.7263
36 66 0 3 71.3692
36 67 0 0 60.7786
36 67 0 2 110.7890
36 67 0 3 88.4158
36 68 0 0 5.0066
36 68 0 2 71.0746
36 68 0 3 77.1772
48 0 0 0 111.2635
48 0 0 2 70.4470
48 1 0 0 128.1633
48 1 0 2 88.1865
48 2 0 0 147.2812
48 2 0 2 104.2689
48 3 0 0 141.0184
48 3 0 2 135.4420
48 4 0 0 219.1881
48 4 0 2 175.8367
48 16 0 0 88.1118
48 16 0 2 25.5857
48 18 0 0 121.5035
48 18 0 2 120.6099
48 20 0 0 201.4570
48 20 0 2 185.2582
48 32 0 0 64.2081
48 32 0 2 35.2173
48 34 0 0 122.1490
48 34 0 2 146.2030
48 35 0 0 143.3689
48 35 0 2 153.8108
48 36 0 0 187.8407
48 36 0 2 212.2687
48 50 0 0 77.3740
48 50 0 2 120.5053
48 52 0 0 134.5010
48 52 0 2 187.1385
48 64 0 0 24.8039
48 64 0 2 69.1706
48 65 0 0 12.0583
48 65 0 2 87.8341
48 66 0 0 62.0760
48 66 0 2 107.4460
48 67 0 0 79.4507
48 67 0 2 130.5637
48 68 0 0 112.9053
48 68 0 2 180.2156
50 0 0 0 166.0481
50 0 0 2 110.7106
50 1 0 0 128.7519
50 1 0 2 88.0948
50 2 0 0 110.7590
50 2 0 2 66.1664
50 3 0 0 129.4366
50 3 0 2 86.0754
50 4 0 0 163.0238
50 4 0 2 105.6472
50 16 0 0 143.7299
50 16 0 2 130.6661
50 18 0 0 79.1405
50 18 0 2 9.8280
50 20 0 0 136.9600
50 20 0 2 84.7044
50 32 0 0 114.9846
50 32 0 2 161.2799
50 34 0 0 65.9027
50 34 0 2 24.7458
50 35 0 0 82.7782
50 35 0 2 0.9377
50 36 0 0 122.9238
50 36 0 2 60.9925
50 48 0 0 87.7648
50 48 0 2 129.5322
50 52 0 0 79.3813
50 52 0 2 91.2827
50 64 0 0 61.3332
50 64 0 2 104.7450
50 65 0 0 26.3343
50 65 0 2 80.8483
50 66 0 0 22.3362
50 66 0 2 65.0470
50 67 0 0 4.9264
50 67 0 2 82.3215
50 68 0 0 64.2439
50 68 0 2 99.2789
52 0 0 0 207.3819
52 0 0 2 168.1596
52 1 0 0 148.3615
52 1 0 2 127.0427
52 2 0 0 122.6552
52 2 0 2 84.5449
52 3 0 0 120.0766
52 3 0 2 73.6914
52 4 0 0 107.0507
52 4 0 2 66.9075
52 16 0 0 194.7223
52 16 0 2 185.0745
52 18 0 0 78.2327
52 18 0 2 66.1090
52 20 0 0 87.4802
52 20 0 2 5.5070
52 32 0 0 183.2176
52 32 0 2 211.2064
52 34 0 0 81.6977
52 34 0 2 52.4203
52 35 0 0 69.8268
52 35 0 2 3.4845
52 36 0 0 66.2444
52 36 0 2 23.6224
52 48 0 0 137.5887
52 48 0 2 188.7593
52 50 0 0 65.9661
52 50 0 2 68.9990
52 64 0 0 110.3407
52 64 0 2 160.6570
52 65 0 0 79.8525
52 65 0 2 123.1674
52 66 0 0 64.0782
52 66 0 2 102.5914
52 67 0 0 -1.2677
52 67 0 2 78.1922
52 68 0 0 26.7839
52 68 0 2 69.1470
64 0 0 1 133.1282
64 0 0 2 77.1397
64 1 0 1 146.7085
64 1 0 2 118.0330
64 2 0 1 126.0263
64 2 0 2 120.1579
64 3 0 1 162.6047
64 3 0 2 157.1707
64 4 0 1 185.4999
64 4 0 2 180.7065
64 16 0 1 116.9471
64 16 0 2 68.5014
64 18 0 1 105.3990
64 18 0 2 139.3854
64 20 0 1 187.2302
64 20 0 2 225.4327
64 32 0 1 90.6801
64 32 0 2 -3.4719
64 34 0 1 85.2850
64 34 0 2 124.2579
64 35 0 1 113.6382
64 35 0 2 166.1848
64 36 0 1 142.2853
64 36 0 2 192.4811
64 48 0 1 62.9461
64 48 0 2 12.7106
64 50 0 1 68.9253
64 50 0 2 113.1185
64 52 0 1 119.6695
64 52 0 2 177.6558
64 65 0 1 17.1022
64 65 0 2 57.9932
64 66 0 1 27.8178
64 66 0 2 89.8809
64 67 0 1 74.1566
64 67 0 2 117.1180
64 68 0 1 94.4068
64 68 0 2 137.8713
65 0 0 1 162.8338
65 0 0 3 118.3196
65 1 0 1 125.9946
65 1 0 3 125.2815
65 2 0 1 116.6514
65 2 0 3 145.1281
65 3 0 1 137.6364
65 3 0 3 154.0752
65 4 0 1 165.2873
65 4 0 3 219.5618
65 16 0 1 141.0643
65 16 0 3 91.9948
65 18 0 1 88.4999
65 18 0 3 121.1835
65 20 0 1 142.8700
65 20 0 3 192.8209
65 32 0 1 113.9894
65 32 0 3 68.1541
65 34 0 1 64.9147
65 34 0 3 113.3649
65 35 0 1 88.4391
65 35 0 3 122.8465
65 36 0 1 113.7200
65 36 0 3 188.4654
65 48 0 1 87.6121
65 48 0 3 21.6240
65 50 0 1 8.2878
65 50 0 3 83.1821
65 52 0 1 78.6617
65 52 0 3 144.5769
65 64 0 1 63.4905
65 64 0 3 27.0240
65 66 0 1 33.5816
65 66 0 3 68.2072
65 67 0 1 29.2177
65 67 0 3 94.3701
65 68 0 1 63.2179
65 68 0 3 125.1030
66 0 0 1 173.8428
66 0 0 2 130.1383
66 0 0 3 135.2619
66 1 0 1 140.9014
66 1 0 2 111.4582
66 1 0 3 145.9419
66 2 0 1 102.7140
66 2 0 2 85.0428
66 2 0 3 124.2127
66 3 0 1 143.7814
66 3 0 2 115.0318
66 3 0 3 161.2573
66 4 0 1 129.1777
66 4 0 2 129.0591
66 4 0 3 186.9357
66 16 0 1 175.8372
66 16 0 2 155.8326
66 16 0 3 117.6153
66 18 0 1 83.7519
66 18 0 2 61.5533
66 18 0 3 110.9608
66 20 0 1 112.1167
66 20 0 2 116.9162
66 20 0 3 187.6007
66 32 0 1 149.8334
66 32 0 2 133.1268
66 32 0 3 90.7878
66 34 0 1 61.0883
66 34 0 2 9.1493
66 34 0 3 88.3101
66 35 0 1 93.0380
66 35 0 2 66.4468
66 35 0 3 110.4967
66 36 0 1 81.2967
66 36 0 2 75.0387
66 36 0 3 133.2909
66 48 0 1 116.0784
66 48 0 2 109.2940
66 48 0 3 66.8222
66 50 0 1 58.9690
66 50 0 2 11.7772
66 50 0 3 57.0377
66 52 0 1 62.6400
66 52 0 2 90.8041
66 52 0 3 118.8191
66 64 0 1 83.4558
66 64 0 2 84.3797
66 64 0 3 16.0428
66 65 0 1 66.3913
66 65 0 2 56.8663
66 65 0 3 25.4954
66 67 0 1 5.9867
66 67 0 2 64.6288
66 67 0 3 58.0477
66 68 0 1 6.7803
66 68 0 2 72.4973
66 68 0 3 93.3258
67 0 0 1 212.1051
67 0 0 3 159.5211
67 1 0 1 127.2839
67 1 0 3 126.6890
67 2 0 1 104.4591
67 2 0 3 104.8130
67 3 0 1 120.1949
67 3 0 3 123.8195
67 4 0 1 111.5470
67 4 0 3 166.8587
67 16 0 1 194.0339
67 16 0 3 147.8012
67 18 0 1 82.4111
67 18 0 3 84.4278
67 20 0 1 83.9087
67 20 0 3 128.4781
67 32 0 1 164.2697
67 32 0 3 117.0854
67 34 0 1 81.6256
67 34 0 3 62.4936
67 35 0 1 71.2217
67 35 0 3 84.7643
67 36 0 1 66.2391
67 36 0 3 102.9742
67 48 0 1 134.9393
67 48 0 3 80.2976
67 50 0 1 64.6161
67 50 0 3 28.9878
67 52 0 1 17.3680
67 52 0 3 91.1740
67 64 0 1 108.7579
67 64 0 3 65.3080
67 65 0 1 82.6275
67 65 0 3 14.2254
67 66 0 1 66.8694
67 66 0 3 9.0021
67 68 0 1 18.3445
67 68 0 3 64.5550
68 0 0 2 168.1919
68 0 0 3 169.1845
68 1 0 2 129.2795
68 1 0 3 155.0113
68 2 0 2 101.9460
68 2 0 3 92.3349
68 3 0 2 98.8940
68 3 0 3 152.0933
68 4 0 2 78.4476
68 4 0 3 127.9450
68 16 0 2 217.1682
68 16 0 3 173.3755
68 18 0 2 85.6608
68 18 0 3 79.6782
68 20 0 2 71.9831
68 20 0 3 124.1270
68 32 0 2 196.9166
68 32 0 3 136.6730
68 34 0 2 66.1415
68 34 0 3 65.4244
68 35 0 2 58.3342
68 35 0 3 92.8926
68 36 0 2 20.3060
68 36 0 3 82.4015
68 48 0 2 168.1520
68 48 0 3 127.4904
68 50 0 2 87.1513
68 50 0 3 61.3312
68 52 0 2 19.3821
68 52 0 3 64.6251
68 64 0 2 133.3101
68 64 0 3 81.4551
68 65 0 2 101.2630
68 65 0 3 65.0364
68 66 0 2 77.3321
68 66 0 3 10.6254
68 67 0 2 62.5055
68 67 0 3 18.2981
