0 1 0 0 32.9494
0 1 0 1 13.3241
0 2 0 0 56.0891
0 2 0 1 9.7284
0 3 0 0 94.3731
0 3 0 1 36.7007
0 4 0 0 112.5752
0 4 0 1 64.2713
0 16 0 0 13.8430
0 16 0 1 46.9256
0 18 0 0 93.6864
0 18 0 1 40.9107
0 20 0 0 147.9348
0 20 0 1 83.6271
0 32 0 0 0.8467
0 32 0 1 61.1846
0 34 0 0 101.6696
0 34 0 1 50.3615
0 35 0 0 131.0413
0 35 0 1 90.3971
0 36 0 0 169.0750
0 36 0 1 111.8169
0 48 0 0 38.8647
0 48 0 1 86.8514
0 50 0 0 115.6211
0 50 0 1 82.1941
0 52 0 0 197.5641
0 52 0 1 146.8813
0 64 0 0 57.8229
0 64 0 1 98.0482
0 65 0 0 81.4338
0 65 0 1 121.4578
0 66 0 0 101.2479
0 66 0 1 96.4651
0 67 0 0 133.7080
0 67 0 1 131.1299
0 68 0 0 161.3236
0 68 0 1 150.2426
1 0 0 1 35.3015
1 0 0 3 3.1038
1 2 0 1 13.9306
1 2 0 3 52.1166
1 3 0 1 -1.7340
1 3 0 3 53.2835
1 4 0 1 37.4876
1 4 0 3 89.0233
1 16 0 1 67.0677
1 16 0 3 6.2614
1 18 0 1 0.6540
1 18 0 3 43.5066
1 20 0 1 53.8887
1 20 0 3 111.7135
1 32 0 1 101.4792
1 32 0 3 41.1914
1 34 0 1 43.2378
1 34 0 3 94.5776
1 35 0 1 66.4623
1 35 0 3 109.9744
1 36 0 1 79.5063
1 36 0 3 145.8649
1 48 0 1 105.6224
1 48 0 3 59.5508
1 50 0 1 58.0882
1 50 0 3 107.2943
1 52 0 1 109.7891
1 52 0 3 168.2100
1 64 0 1 130.2342
1 64 0 3 81.9319
1 65 0 1 106.0659
1 65 0 3 97.4813
1 66 0 1 85.2569
1 66 0 3 121.9735
1 67 0 1 106.6615
1 67 0 3 141.6345
1 68 0 1 127.5387
1 68 0 3 193.3754
2 0 0 0 62.2585
2 0 0 1 54.0617
2 0 0 3 5.9614
2 1 0 0 42.1809
2 1 0 1 31.6391
2 1 0 3 8.5595
2 3 0 0 36.4765
2 3 0 1 16.9085
2 3 0 3 39.6188
2 4 0 0 52.5400
2 4 0 1 4.1536
2 4 0 3 61.3409
2 16 0 0 82.3946
2 16 0 1 94.2714
2 16 0 3 41.1073
2 18 0 0 12.0705
2 18 0 1 32.5511
2 18 0 3 38.1746
2 20 0 0 68.6166
2 20 0 1 34.7172
2 20 0 3 84.7335
2 32 0 0 106.6881
2 32 0 1 105.8113
2 32 0 3 53.4702
2 34 0 0 6.3036
2 34 0 1 47.4065
2 34 0 3 58.8982
2 35 0 0 40.8187
2 35 0 1 66.7487
2 35 0 3 87.6825
2 36 0 0 50.7988
2 36 0 1 49.6397
2 36 0 3 113.4103
2 48 0 0 123.5000
2 48 0 1 145.4955
2 48 0 3 81.0915
2 50 0 0 41.9139
2 50 0 1 71.6528
2 50 0 3 93.6917
2 52 0 0 91.2289
2 52 0 1 77.8268
2 52 0 3 143.0793
2 64 0 0 103.1346
2 64 0 1 139.6791
2 64 0 3 107.4204
2 65 0 0 95.6395
2 65 0 1 132.8839
2 65 0 3 116.3432
2 66 0 0 70.8123
2 66 0 1 77.1227
2 66 0 3 99.8464
2 67 0 0 83.9545
2 67 0 1 122.2732
2 67 0 3 140.3091
2 68 0 0 100.2595
2 68 0 1 102.1494
2 68 0 3 150.7210
3 0 0 1 93.2751
3 0 0 3 47.7069
3 1 0 1 60.3462
3 1 0 3 4.5135
3 2 0 1 44.0901
3 2 0 3 17.2720
3 4 0 1 10.5435
3 4 0 3 40.3380
3 16 0 1 107.9098
3 16 0 3 59.6101
3 18 0 1 38.4875
3 18 0 3 1.3856
3 20 0 1 -0.5598
3 20 0 3 63.0259
3 32 0 1 152.1673
3 32 0 3 93.0718
3 34 0 1 58.1066
3 34 0 3 50.8855
3 35 0 1 47.9214
3 35 0 3 62.2597
3 36 0 1 35.7762
3 36 0 3 80.1729
3 48 0 1 157.6297
3 48 0 3 111.3785
3 50 0 1 61.0846
3 50 0 3 59.0250
3 52 0 1 48.2464
3 52 0 3 111.0441
3 64 0 1 163.3665
3 64 0 3 122.1689
3 65 0 1 114.8722
3 65 0 3 111.0841
3 66 0 1 127.0647
3 66 0 3 97.0451
3 67 0 1 94.5807
3 67 0 3 115.7310
3 68 0 1 77.2116
3 68 0 3 127.1814
4 0 0 0 84.4930
4 0 0 3 44.8968
4 1 0 0 79.2126
4 1 0 3 34.5534
4 2 0 0 46.2947
4 2 0 3 5.2434
4 3 0 0 39.1468
4 3 0 3 18.9984
4 16 0 0 154.2150
4 16 0 3 102.4948
4 18 0 0 55.6128
4 18 0 3 33.6046
4 20 0 0 15.1431
4 20 0 3 46.5362
4 32 0 0 172.1492
4 32 0 3 103.2961
4 34 0 0 36.3565
4 34 0 3 36.3753
4 35 0 0 37.9599
4 35 0 3 67.3749
4 36 0 0 7.0620
4 36 0 3 59.1043
4 48 0 0 186.6724
4 48 0 3 152.7316
4 50 0 0 76.4890
4 50 0 3 62.0124
4 52 0 0 39.3660
4 52 0 3 70.9348
4 64 0 0 150.2924
4 64 0 3 134.5349
4 65 0 0 123.7776
4 65 0 3 131.9228
4 66 0 0 79.9167
4 66 0 3 79.2356
4 67 0 0 80.7352
4 67 0 3 123.0113
4 68 0 0 58.9013
4 68 0 3 103.2201
16 0 0 0 39.2553
16 0 0 2 10.9798
16 1 0 0 46.3171
16 1 0 2 1.2371
16 2 0 0 89.5290
16 2 0 2 35.4513
16 3 0 0 92.9968
16 3 0 2 58.7043
16 4 0 0 139.9628
16 4 0 2 92.4718
16 18 0 0 94.6194
16 18 0 2 60.1482
16 20 0 0 171.6431
16 20 0 2 119.7071
16 32 0 0 0.4798
16 32 0 2 47.3785
16 34 0 0 118.6004
16 34 0 2 88.8240
16 35 0 0 141.7759
16 35 0 2 103.4925
16 36 0 0 191.4441
16 36 0 2 156.9877
16 48 0 0 5.5100
16 48 0 2 63.6031
16 50 0 0 101.8228
16 50 0 2 104.9712
16 52 0 0 162.9531
16 52 0 2 173.2776
16 64 0 0 38.5908
16 64 0 2 87.5393
16 65 0 0 63.6816
16 65 0 2 102.3879
16 66 0 0 74.5114
16 66 0 2 121.3624
16 67 0 0 100.3388
16 67 0 2 133.4462
16 68 0 0 149.3172
16 68 0 2 181.1224
18 0 0 0 83.5012
18 0 0 2 47.1091
18 1 0 0 68.0372
18 1 0 2 -1.3779
18 2 0 0 44.7121
18 2 0 2 13.7317
18 3 0 0 59.3892
18 3 0 2 2.9640
18 4 0 0 68.6778
18 4 0 2 36.0088
18 16 0 0 112.6093
18 16 0 2 52.6089
18 20 0 0 55.2048
18 20 0 2 48.1599
18 32 0 0 133.7163
18 32 0 2 93.0025
18 34 0 0 2.3778
18 34 0 2 43.0137
18 35 0 0 -1.6167
18 35 0 2 61.6894
18 36 0 0 47.3655
18 36 0 2 83.8793
18 48 0 0 102.3181
18 48 0 2 115.9063
18 50 0 0 2.7238
18 50 0 2 50.7376
18 52 0 0 53.2337
18 52 0 2 113.3411
18 64 0 0 92.6658
18 64 0 2 127.3219
18 65 0 0 60.1035
18 65 0 2 102.8022
18 66 0 0 38.7167
18 66 0 2 87.7742
18 67 0 0 49.4273
18 67 0 2 116.6632
18 68 0 0 74.3197
18 68 0 2 126.2169
20 0 0 0 135.8219
20 0 0 2 93.1374
20 1 0 0 93.5014
20 1 0 2 39.9905
20 2 0 0 64.8586
20 2 0 2 46.5296
20 3 0 0 53.2939
20 3 0 2 0.7663
20 4 0 0 42.4519
20 4 0 2 6.2925
20 16 0 0 162.8550
20 16 0 2 79.0324
20 18 0 0 42.9304
20 18 0 2 35.3467
20 32 0 0 189.7835
20 32 0 2 148.2285
20 34 0 0 39.4298
20 34 0 2 61.3137
20 35 0 0 0.0599
20 35 0 2 39.7367
20 36 0 0 16.0113
20 36 0 2 41.2832
20 48 0 0 153.1082
20 48 0 2 160.7519
20 50 0 0 47.9709
20 50 0 2 58.5019
20 52 0 0 5.0593
20 52 0 2 58.7156
20 64 0 0 133.3545
20 64 0 2 157.4606
20 65 0 0 98.4152
20 65 0 2 120.9725
20 66 0 0 75.2002
20 66 0 2 122.2099
20 67 0 0 50.8307
20 67 0 2 98.9762
20 68 0 0 41.1824
20 68 0 2 80.8356
32 0 0 0 47.0380
32 0 0 2 -5.2266
32 1 0 0 72.7226
32 1 0 2 35.6254
32 2 0 0 103.3427
32 2 0 2 50.7750
32 3 0 0 132.2057
32 3 0 2 84.2996
32 4 0 0 160.0928
32 4 0 2 113.7997
32 16 0 0 37.5612
32 16 0 2 17.0470
32 18 0 0 116.9618
32 18 0 2 82.2114
32 20 0 0 199.4137
32 20 0 2 167.5123
32 34 0 0 98.0575
32 34 0 2 103.2986
32 35 0 0 122.0079
32 35 0 2 118.9602
32 36 0 0 158.9858
32 36 0 2 168.8761
32 48 0 0 6.1384
32 48 0 2 28.1517
32 50 0 0 83.8346
32 50 0 2 117.3481
32 52 0 0 147.0403
32 52 0 2 196.8464
32 64 0 0 -0.5059
32 64 0 2 67.0858
32 65 0 0 41.2447
32 65 0 2 83.4682
32 66 0 0 57.3179
32 66 0 2 106.8251
32 67 0 0 82.4545
32 67 0 2 141.4663
32 68 0 0 116.1050
32 68 0 2 166.8476
34 0 0 0 105.8373
34 0 0 1 96.9163
34 0 0 2 48.5163
34 1 0 0 82.9930
34 1 0 1 67.9125
34 1 0 2 45.1970
34 2 0 0 71.7225
34 2 0 1 36.1595
34 2 0 2 20.5986
34 3 0 0 90.7305
34 3 0 1 60.1313
34 3 0 2 41.6040
34 4 0 0 101.8192
34 4 0 1 48.3043
34 4 0 2 50.1651
34 16 0 0 124.4031
34 16 0 1 131.6085
34 16 0 2 91.1081
34 18 0 0 41.1697
34 18 0 1 35.8159
34 18 0 2 9.3799
34 20 0 0 89.1729
34 20 0 1 39.6709
34 20 0 2 73.3090
34 32 0 0 105.9102
34 32 0 1 161.6475
34 32 0 2 105.8258
34 35 0 0 39.2179
34 35 0 1 8.1999
34 35 0 2 39.0923
34 36 0 0 45.9073
34 36 0 1 7.3922
34 36 0 2 57.7184
34 48 0 0 90.6845
34 48 0 1 137.7916
34 48 0 2 120.8322
34 50 0 0 5.2974
34 50 0 1 38.2918
34 50 0 2 34.8484
34 52 0 0 65.5549
34 52 0 1 42.8033
34 52 0 2 81.9390
34 64 0 0 54.4428
34 64 0 1 106.8525
34 64 0 2 93.7556
34 65 0 0 40.9841
34 65 0 1 83.9654
34 65 0 2 88.7903
34 66 0 0 8.3730
34 66 0 1 46.0270
34 66 0 2 68.1301
34 67 0 0 42.0298
34 67 0 1 57.4966
34 67 0 2 85.4286
34 68 0 0 54.6957
34 68 0 1 42.8439
34 68 0 2 98.7666
35 0 0 1 134.3913
35 0 0 3 85.4465
35 1 0 1 102.8474
35 1 0 3 57.9543
35 2 0 1 64.4538
35 2 0 3 41.6056
35 3 0 1 48.1560
35 3 0 3 60.5377
35 4 0 1 39.2634
35 4 0 3 71.7653
35 16 0 1 159.5434
35 16 0 3 116.3643
35 18 0 1 41.7233
35 18 0 3 -4.1575
35 20 0 1 -1.0108
35 20 0 3 43.9433
35 32 0 1 178.0548
35 32 0 3 140.6445
35 34 0 1 39.2387
35 34 0 3 14.4468
35 36 0 1 19.6567
35 36 0 3 40.3721
35 48 0 1 157.4048
35 48 0 3 108.0419
35 50 0 1 53.1792
35 50 0 3 17.2190
35 52 0 1 7.3054
35 52 0 3 54.2697
35 64 0 1 137.2410
35 64 0 3 88.9018
35 65 0 1 100.9148
35 65 0 3 59.6902
35 66 0 1 75.6790
35 66 0 3 37.6464
35 67 0 1 41.8715
35 67 0 3 64.3493
35 68 0 1 44.6313
35 68 0 3 68.0411
36 0 0 0 147.3727
36 0 0 2 97.1161
36 0 0 3 110.2308
36 1 0 0 112.8083
36 1 0 2 73.0778
36 1 0 3 73.2500
36 2 0 0 76.8490
36 2 0 2 46.3672
36 2 0 3 45.6712
36 3 0 0 76.0174
36 3 0 2 33.2212
36 3 0 3 63.7330
36 4 0 0 48.5492
36 4 0 2 0.5831
36 4 0 3 37.8313
36 16 0 0 195.0894
36 16 0 2 146.7545
36 16 0 3 131.7199
36 18 0 0 65.3493
36 18 0 2 58.5131
36 18 0 3 32.2539
36 20 0 0 35.5041
36 20 0 2 16.5689
36 20 0 3 43.1686
36 32 0 0 169.7294
36 32 0 2 160.0343
36 32 0 3 154.1866
36 34 0 0 34.2576
36 34 0 2 37.7301
36 34 0 3 10.8883
36 35 0 0 37.8370
36 35 0 2 32.5546
36 35 0 3 11.3823
36 48 0 0 151.1744
36 48 0 2 181.3747
36 48 0 3 125.2533
36 50 0 0 58.6637
36 50 0 2 80.2397
36 50 0 3 33.7768
36 52 0 0 12.8230
36 52 0 2 36.0489
36 52 0 3 39.7182
36 64 0 0 112.8797
36 64 0 2 145.9239
36 64 0 3 104.6006
36 65 0 0 84.0321
36 65 0 2 124.6765
36 65 0 3 76.5627
36 66 0 0 48.9852
36 66 0 2 94.9827
36 66 0 3 52.0635
36 67 0 0 35.3305
36 67 0 2 80.5511
36 67 0 3 63.8288
36 68 0 0 8.3712
36 68 0 2 56.2873
36 68 0 3 39.7644
48 0 0 0 85.5713
48 0 0 2 41.3514
48 1 0 0 97.0534
48 1 0 2 50.9993
48 2 0 0 123.5448
48 2 0 2 90.0977
48 3 0 0 136.2182
48 3 0 2 102.3693
48 4 0 0 189.8529
48 4 0 2 149.2408
48 16 0 0 47.6392
48 16 0 2 -0.1936
48 18 0 0 102.5551
48 18 0 2 94.7891
48 20 0 0 162.5159
48 20 0 2 167.6610
48 32 0 0 36.9063
48 32 0 2 8.7575
48 34 0 0 97.4147
48 34 0 2 122.9771
48 35 0 0 114.9234
48 35 0 2 137.8239
48 36 0 0 145.9071
48 36 0 2 195.7510
48 50 0 0 54.1811
48 50 0 2 101.8613
48 52 0 0 119.7719
48 52 0 2 163.6810
48 64 0 0 10.1420
48 64 0 2 36.2637
48 65 0 0 3.2874
48 65 0 2 59.0621
48 66 0 0 47.5090
48 66 0 2 85.0286
48 67 0 0 62.3129
48 67 0 2 113.7304
48 68 0 0 81.2801
48 68 0 2 141.4386
50 0 0 0 131.5841
50 0 0 2 83.9999
50 1 0 0 107.9551
50 1 0 2 65.6344
50 2 0 0 98.0075
50 2 0 2 40.1631
50 3 0 0 103.6520
50 3 0 2 53.8510
50 4 0 0 133.5397
50 4 0 2 72.4178
50 16 0 0 118.3063
50 16 0 2 106.8369
50 18 0 0 60.3600
50 18 0 2 4.6913
50 20 0 0 104.7916
50 20 0 2 57.2373
50 32 0 0 87.5212
50 32 0 2 125.4868
50 34 0 0 47.9373
50 34 0 2 8.2707
50 35 0 0 55.1435
50 35 0 2 0.1591
50 36 0 0 85.4363
50 36 0 2 56.7201
50 48 0 0 51.3557
50 48 0 2 109.2027
50 52 0 0 44.9287
50 52 0 2 46.1824
50 64 0 0 50.7483
50 64 0 2 91.1099
50 65 0 0 -0.0031
50 65 0 2 59.7357
50 66 0 0 11.5115
50 66 0 2 41.5033
50 67 0 0 -6.5175
50 67 0 2 57.0711
50 68 0 0 51.1525
50 68 0 2 73.6698
52 0 0 0 180.9307
52 0 0 2 141.3795
52 1 0 0 129.1607
52 1 0 2 91.7768
52 2 0 0 85.5685
52 2 0 2 65.6548
52 3 0 0 94.8384
52 3 0 2 49.3358
52 4 0 0 84.2046
52 4 0 2 33.3875
52 16 0 0 165.0179
52 16 0 2 156.3947
52 18 0 0 70.3215
52 18 0 2 42.6250
52 20 0 0 53.1269
52 20 0 2 3.7946
52 32 0 0 153.9874
52 32 0 2 191.8303
52 34 0 0 57.3591
52 34 0 2 33.9069
52 35 0 0 45.5457
52 35 0 2 -2.6955
52 36 0 0 40.8377
52 36 0 2 6.9581
52 48 0 0 118.9732
52 48 0 2 149.7219
52 50 0 0 40.0798
52 50 0 2 42.8842
52 64 0 0 76.6198
52 64 0 2 133.8197
52 65 0 0 49.5056
52 65 0 2 105.1889
52 66 0 0 43.6534
52 66 0 2 74.2736
52 67 0 0 -2.8462
52 67 0 2 55.8588
52 68 0 0 10.4816
52 68 0 2 41.8653
64 0 0 1 99.8652
64 0 0 2 50.5050
64 1 0 1 125.6473
64 1 0 2 76.6441
64 2 0 1 103.8958
64 2 0 2 101.5020
64 3 0 1 144.7318
64 3 0 2 131.2546
64 4 0 1 154.0063
64 4 0 2 148.8707
64 16 0 1 94.7101
64 16 0 2 37.2717
64 18 0 1 95.6189
64 18 0 2 120.8104
64 20 0 1 161.1338
64 20 0 2 194.6892
64 32 0 1 53.0262
64 32 0 2 1.9527
64 34 0 1 54.9220
64 34 0 2 105.1644
64 35 0 1 102.2533
64 35 0 2 129.8194
64 36 0 1 107.2421
64 36 0 2 162.2652
64 48 0 1 45.2130
64 48 0 2 7.1018
64 50 0 1 52.0809
64 50 0 2 88.5495
64 52 0 1 84.5831
64 52 0 2 154.9269
64 65 0 1 6.9640
64 65 0 2 46.2085
64 66 0 1 13.1157
64 66 0 2 67.6698
64 67 0 1 41.1547
64 67 0 2 79.8989
64 68 0 1 56.2029
64 68 0 2 108.8137
65 0 0 1 134.6919
65 0 0 3 87.9123
65 1 0 1 114.2129
65 1 0 3 100.0094
65 2 0 1 108.7808
65 2 0 3 126.7348
65 3 0 1 106.0993
65 3 0 3 145.0958
65 4 0 1 129.2762
65 4 0 3 193.3199
65 16 0 1 112.7044
65 16 0 3 39.7768
65 18 0 1 58.6152
65 18 0 3 100.0837
65 20 0 1 105.6731
65 20 0 3 173.8716
65 32 0 1 95.3765
65 32 0 3 38.0107
65 34 0 1 49.1109
65 34 0 3 96.1961
65 35 0 1 47.7290
65 35 0 3 100.2025
65 36 0 1 86.7212
65 36 0 3 136.4498
65 48 0 1 64.8662
65 48 0 3 5.0073
65 50 0 1 8.7340
65 50 0 3 56.6564
65 52 0 1 55.2398
65 52 0 3 103.8537
65 64 0 1 52.3624
65 64 0 3 11.0475
65 66 0 1 12.2546
65 66 0 3 47.7410
65 67 0 1 4.4450
65 67 0 3 54.3519
65 68 0 1 47.1478
65 68 0 3 81.4890
66 0 0 1 156.0361
66 0 0 2 93.4247
66 0 0 3 100.8825
66 1 0 1 119.1481
66 1 0 2 91.8803
66 1 0 3 122.1237
66 2 0 1 77.5433
66 2 0 2 56.9737
66 2 0 3 96.5684
66 3 0 1 116.6630
66 3 0 2 89.1898
66 3 0 3 142.8651
66 4 0 1 108.1630
66 4 0 2 96.7316
66 4 0 3 158.2044
66 16 0 1 151.1669
66 16 0 2 126.7242
66 16 0 3 87.5125
66 18 0 1 63.1171
66 18 0 2 48.8667
66 18 0 3 84.6154
66 20 0 1 86.2353
66 20 0 2 91.9734
66 20 0 3 140.8824
66 32 0 1 94.3145
66 32 0 2 102.3062
66 32 0 3 57.1160
66 34 0 1 40.0955
66 34 0 2 6.4496
66 34 0 3 51.4371
66 35 0 1 66.0452
66 35 0 2 49.0472
66 35 0 3 90.7738
66 36 0 1 49.9142
66 36 0 2 59.7551
66 36 0 3 92.8665
66 48 0 1 82.6166
66 48 0 2 90.6101
66 48 0 3 43.7223
66 50 0 1 31.8175
66 50 0 2 9.1311
66 50 0 3 58.6593
66 52 0 1 48.5325
66 52 0 2 71.0563
66 52 0 3 85.2765
66 64 0 1 46.8975
66 64 0 2 52.6277
66 64 0 3 7.5427
66 65 0 1 35.9012
66 65 0 2 44.9831
66 65 0 3 10.5797
66 67 0 1 2.7539
66 67 0 2 42.3660
66 67 0 3 35.3732
66 68 0 1 5.9084
66 68 0 2 40.9789
66 68 0 3 58.5475
67 0 0 1 179.8185
67 0 0 3 141.1716
67 1 0 1 128.7271
67 1 0 3 106.9672
67 2 0 1 85.2172
67 2 0 3 86.1228
67 3 0 1 92.6386
67 3 0 3 109.9701
67 4 0 1 89.7024
67 4 0 3 134.6245
67 16 0 1 166.1551
67 16 0 3 111.5845
67 18 0 1 59.1272
67 18 0 3 56.3031
67 20 0 1 52.0236
67 20 0 3 108.0568
67 32 0 1 143.5508
67 32 0 3 91.3390
67 34 0 1 60.1538
67 34 0 3 41.9664
67 35 0 1 34.5393
67 35 0 3 52.2032
67 36 0 1 35.8119
67 36 0 3 88.0098
67 48 0 1 102.2155
67 48 0 3 47.8425
67 50 0 1 42.1500
67 50 0 3 1.9065
67 52 0 1 17.6143
67 52 0 3 45.9215
67 64 0 1 81.5898
67 64 0 3 41.6984
67 65 0 1 52.8318
67 65 0 3 -2.9298
67 66 0 1 46.0080
67 66 0 3 3.8813
67 68 0 1 13.5875
67 68 0 3 44.4578
68 0 0 2 150.3536
68 0 0 3 152.3402
68 1 0 2 119.4047
68 1 0 3 124.1858
68 2 0 2 69.1754
68 2 0 3 112.4606
68 3 0 2 84.0917
68 3 0 3 113.5326
68 4 0 2 53.6695
68 4 0 3 108.2256
68 16 0 2 188.8191
68 16 0 3 154.7551
68 18 0 2 67.5854
68 18 0 3 67.8090
68 20 0 2 43.6796
68 20 0 3 88.1631
68 32 0 2 169.1748
68 32 0 3 118.0883
68 34 0 2 39.9477
68 34 0 3 43.8153
68 35 0 2 35.2038
68 35 0 3 64.9474
68 36 0 2 -0.7147
68 36 0 3 58.3486
68 48 0 2 137.6814
68 48 0 3 78.9316
68 50 0 2 65.3968
68 50 0 3 40.6609
68 52 0 2 16.0796
68 52 0 3 33.9400
68 64 0 2 101.2027
68 64 0 3 58.9933
68 65 0 2 78.1817
68 65 0 3 47.0605
68 66 0 2 49.7968
68 66 0 3 10.8592
68 67 0 2 40.6712
68 67 0 3 -1.5229
